      1000   0.001  0.145E+12  0.216E+12
      2000   0.001  0.298E+12  0.595E+12
      3000   0.002  0.328E+12  0.999E+12
      4000   0.003  0.316E+12  0.137E+13
      5000   0.003  0.304E+12  0.168E+13
      6000   0.004  0.291E+12  0.188E+13
      7000   0.004  0.265E+12  0.209E+13
      8000   0.005  0.525E+12  0.227E+13
      9000   0.006  0.301E+12  0.242E+13
     10000   0.006  0.206E+12  0.259E+13
     11000   0.007  0.150E+12  0.274E+13
     12000   0.008  0.113E+12  0.291E+13
     13000   0.008  0.233E+12  0.307E+13
     14000   0.009  0.395E+12  0.324E+13
     15000   0.010  0.312E+12  0.340E+13
     16000   0.010  0.376E+12  0.351E+13
     17000   0.011  0.308E+12  0.364E+13
     18000   0.011  0.316E+12  0.376E+13
     19000   0.012  0.302E+12  0.388E+13
     20000   0.013  0.234E+12  0.397E+13
     21000   0.013  0.201E+12  0.406E+13
     22000   0.014  0.145E+12  0.412E+13
     23000   0.015  0.166E+12  0.418E+13
     24000   0.015  0.280E+12  0.423E+13
     25000   0.016  0.199E+12  0.425E+13
     26000   0.016  0.204E+12  0.431E+13
     27000   0.017  0.218E+12  0.437E+13
     28000   0.018  0.223E+12  0.442E+13
     29000   0.018  0.240E+12  0.446E+13
     30000   0.019  0.232E+12  0.450E+13
     31000   0.020  0.184E+12  0.453E+13
     32000   0.020  0.267E+12  0.456E+13
     33000   0.021  0.191E+12  0.444E+13
     34000   0.022  0.102E+12  0.442E+13
     35000   0.022  0.630E+11  0.444E+13
     36000   0.023  0.154E+11  0.448E+13
     37000   0.023 -0.402E+11  0.451E+13
     38000   0.024 -0.620E+11  0.454E+13
     39000   0.025 -0.746E+11  0.456E+13
     40000   0.025  0.700E+11  0.458E+13
     41000   0.026  0.119E+11  0.451E+13
     42000   0.027  0.166E+11  0.451E+13
     43000   0.027 -0.370E+10  0.452E+13
     44000   0.028 -0.863E+11  0.455E+13
     45000   0.028 -0.139E+12  0.456E+13
     46000   0.029 -0.182E+12  0.459E+13
     47000   0.030 -0.203E+12  0.461E+13
     48000   0.030 -0.324E+10  0.461E+13
     49000   0.031 -0.135E+12  0.459E+13
     50000   0.031 -0.144E+12  0.459E+13
     51000   0.032 -0.141E+12  0.460E+13
     52000   0.033 -0.164E+12  0.462E+13
     53000   0.033 -0.173E+12  0.463E+13
     54000   0.034 -0.215E+12  0.465E+13
     55000   0.035 -0.228E+12  0.466E+13
     56000   0.035  0.289E+11  0.467E+13
     57000   0.036 -0.181E+12  0.465E+13
     58000   0.036 -0.221E+12  0.465E+13
     59000   0.037 -0.245E+12  0.466E+13
     60000   0.038 -0.269E+12  0.467E+13
     61000   0.038 -0.299E+12  0.468E+13
     62000   0.039 -0.339E+12  0.469E+13
     63000   0.040 -0.370E+12  0.470E+13
     64000   0.040 -0.773E+11  0.471E+13
     65000   0.041 -0.269E+12  0.468E+13
     66000   0.041 -0.357E+12  0.467E+13
     67000   0.042 -0.397E+12  0.468E+13
     68000   0.043 -0.433E+12  0.469E+13
     69000   0.043 -0.467E+12  0.470E+13
     70000   0.044 -0.499E+12  0.471E+13
     71000   0.044 -0.504E+12  0.472E+13
     72000   0.045 -0.165E+12  0.474E+13
     73000   0.046 -0.366E+12  0.470E+13
     74000   0.046 -0.477E+12  0.470E+13
     75000   0.047 -0.530E+12  0.471E+13
     76000   0.048 -0.556E+12  0.472E+13
     77000   0.048 -0.589E+12  0.473E+13
     78000   0.049 -0.619E+12  0.474E+13
     79000   0.049 -0.648E+12  0.475E+13
     80000   0.050 -0.361E+12  0.476E+13
     81000   0.051 -0.507E+12  0.469E+13
     82000   0.051 -0.561E+12  0.465E+13
     83000   0.052 -0.569E+12  0.463E+13
     84000   0.052 -0.623E+12  0.463E+13
     85000   0.053 -0.627E+12  0.462E+13
     86000   0.054 -0.634E+12  0.462E+13
     87000   0.054 -0.656E+12  0.462E+13
     88000   0.055 -0.693E+12  0.462E+13
     89000   0.056 -0.585E+12  0.457E+13
     90000   0.056 -0.576E+12  0.454E+13
     91000   0.057 -0.620E+12  0.454E+13
     92000   0.057 -0.677E+12  0.454E+13
     93000   0.058 -0.688E+12  0.453E+13
     94000   0.059 -0.710E+12  0.453E+13
     95000   0.059 -0.733E+12  0.453E+13
     96000   0.060 -0.755E+12  0.453E+13
     97000   0.061 -0.637E+12  0.448E+13
     98000   0.061 -0.695E+12  0.445E+13
     99000   0.062 -0.767E+12  0.444E+13
    100000   0.062 -0.820E+12  0.445E+13
    101000   0.063 -0.854E+12  0.444E+13
    102000   0.064 -0.878E+12  0.444E+13
    103000   0.064 -0.898E+12  0.443E+13
    104000   0.065 -0.914E+12  0.442E+13
    105000   0.065 -0.722E+12  0.439E+13
    106000   0.066 -0.825E+12  0.436E+13
    107000   0.067 -0.863E+12  0.436E+13
    108000   0.067 -0.905E+12  0.436E+13
    109000   0.068 -0.933E+12  0.436E+13
    110000   0.068 -0.956E+12  0.435E+13
    111000   0.069 -0.969E+12  0.435E+13
    112000   0.070 -0.986E+12  0.434E+13
    113000   0.070 -0.798E+12  0.427E+13
    114000   0.071 -0.870E+12  0.403E+13
    115000   0.072 -0.896E+12  0.404E+13
    116000   0.072 -0.904E+12  0.403E+13
    117000   0.073 -0.930E+12  0.402E+13
    118000   0.073 -0.969E+12  0.401E+13
    119000   0.074 -0.960E+12  0.401E+13
    120000   0.075 -0.948E+12  0.400E+13
    121000   0.075 -0.693E+12  0.400E+13
    122000   0.076 -0.866E+12  0.396E+13
    123000   0.076 -0.848E+12  0.396E+13
    124000   0.077 -0.872E+12  0.396E+13
    125000   0.078 -0.919E+12  0.396E+13
    126000   0.078 -0.974E+12  0.396E+13
    127000   0.079 -0.101E+13  0.395E+13
    128000   0.079 -0.104E+13  0.395E+13
    129000   0.080 -0.738E+12  0.395E+13
    130000   0.081 -0.883E+12  0.393E+13
    131000   0.081 -0.938E+12  0.392E+13
    132000   0.082 -0.957E+12  0.391E+13
    133000   0.082 -0.984E+12  0.391E+13
    134000   0.083 -0.102E+13  0.390E+13
    135000   0.084 -0.108E+13  0.390E+13
    136000   0.084 -0.111E+13  0.389E+13
    137000   0.085 -0.112E+13  0.389E+13
    138000   0.085 -0.968E+12  0.388E+13
    139000   0.086 -0.104E+13  0.388E+13
    140000   0.087 -0.105E+13  0.389E+13
    141000   0.087 -0.110E+13  0.390E+13
    142000   0.088 -0.114E+13  0.390E+13
    143000   0.089 -0.118E+13  0.390E+13
    144000   0.089 -0.120E+13  0.390E+13
    145000   0.090 -0.121E+13  0.390E+13
    146000   0.090 -0.998E+12  0.389E+13
    147000   0.091 -0.108E+13  0.386E+13
    148000   0.092 -0.113E+13  0.385E+13
    149000   0.092 -0.117E+13  0.385E+13
    150000   0.093 -0.120E+13  0.385E+13
    151000   0.093 -0.123E+13  0.386E+13
    152000   0.094 -0.125E+13  0.386E+13
    153000   0.095 -0.127E+13  0.386E+13
    154000   0.095 -0.990E+12  0.385E+13
    155000   0.096 -0.116E+13  0.383E+13
    156000   0.096 -0.117E+13  0.383E+13
    157000   0.097 -0.115E+13  0.384E+13
    158000   0.098 -0.115E+13  0.385E+13
    159000   0.098 -0.117E+13  0.385E+13
    160000   0.099 -0.122E+13  0.385E+13
    161000   0.099 -0.127E+13  0.386E+13
    162000   0.100 -0.105E+13  0.386E+13
    163000   0.101 -0.117E+13  0.383E+13
    164000   0.101 -0.117E+13  0.381E+13
    165000   0.102 -0.118E+13  0.381E+13
    166000   0.102 -0.118E+13  0.381E+13
    167000   0.103 -0.119E+13  0.381E+13
    168000   0.104 -0.125E+13  0.381E+13
    169000   0.104 -0.130E+13  0.381E+13
    170000   0.105 -0.135E+13  0.381E+13
    171000   0.105 -0.117E+13  0.380E+13
    172000   0.106 -0.125E+13  0.379E+13
    173000   0.107 -0.129E+13  0.383E+13
    174000   0.107 -0.133E+13  0.385E+13
    175000   0.108 -0.133E+13  0.386E+13
    176000   0.108 -0.132E+13  0.386E+13
    177000   0.109 -0.136E+13  0.386E+13
    178000   0.110 -0.140E+13  0.385E+13
    179000   0.110 -0.120E+13  0.384E+13
    180000   0.111 -0.132E+13  0.378E+13
    181000   0.111 -0.132E+13  0.376E+13
    182000   0.112 -0.136E+13  0.372E+13
    183000   0.113 -0.140E+13  0.369E+13
    184000   0.113 -0.142E+13  0.366E+13
    185000   0.114 -0.143E+13  0.366E+13
    186000   0.114 -0.145E+13  0.363E+13
    187000   0.115 -0.120E+13  0.362E+13
    188000   0.116 -0.131E+13  0.357E+13
    189000   0.116 -0.133E+13  0.354E+13
    190000   0.117 -0.137E+13  0.352E+13
    191000   0.117 -0.140E+13  0.350E+13
    192000   0.118 -0.141E+13  0.347E+13
    193000   0.119 -0.143E+13  0.345E+13
    194000   0.119 -0.146E+13  0.342E+13
    195000   0.120 -0.147E+13  0.340E+13
    196000   0.120 -0.126E+13  0.337E+13
    197000   0.121 -0.135E+13  0.337E+13
    198000   0.122 -0.139E+13  0.333E+13
    199000   0.122 -0.140E+13  0.329E+13
    200000   0.123 -0.141E+13  0.326E+13
    201000   0.123 -0.142E+13  0.322E+13
    202000   0.124 -0.144E+13  0.319E+13
    203000   0.125 -0.146E+13  0.315E+13
    204000   0.125 -0.118E+13  0.312E+13
    205000   0.126 -0.134E+13  0.299E+13
    206000   0.126 -0.135E+13  0.295E+13
    207000   0.127 -0.135E+13  0.291E+13
    208000   0.127 -0.137E+13  0.287E+13
    209000   0.128 -0.138E+13  0.282E+13
    210000   0.129 -0.139E+13  0.278E+13
    211000   0.129 -0.139E+13  0.274E+13
    212000   0.130 -0.139E+13  0.270E+13
    213000   0.130 -0.125E+13  0.268E+13
    214000   0.131 -0.129E+13  0.264E+13
    215000   0.132 -0.130E+13  0.262E+13
    216000   0.132 -0.132E+13  0.260E+13
    217000   0.133 -0.134E+13  0.260E+13
    218000   0.133 -0.136E+13  0.260E+13
    219000   0.134 -0.138E+13  0.261E+13
    220000   0.135 -0.139E+13  0.262E+13
    221000   0.135 -0.119E+13  0.262E+13
    222000   0.136 -0.127E+13  0.260E+13
    223000   0.136 -0.131E+13  0.260E+13
    224000   0.137 -0.135E+13  0.261E+13
    225000   0.138 -0.138E+13  0.261E+13
    226000   0.138 -0.141E+13  0.262E+13
    227000   0.139 -0.144E+13  0.263E+13
    228000   0.139 -0.146E+13  0.263E+13
    229000   0.140 -0.111E+13  0.263E+13
    230000   0.141 -0.131E+13  0.262E+13
    231000   0.141 -0.136E+13  0.262E+13
    232000   0.142 -0.138E+13  0.263E+13
    233000   0.142 -0.141E+13  0.263E+13
    234000   0.143 -0.144E+13  0.263E+13
    235000   0.144 -0.147E+13  0.264E+13
    236000   0.144 -0.142E+13  0.264E+13
    237000   0.145 -0.142E+13  0.264E+13
    238000   0.145 -0.132E+13  0.263E+13
    239000   0.146 -0.137E+13  0.263E+13
    240000   0.147 -0.140E+13  0.263E+13
    241000   0.147 -0.144E+13  0.264E+13
    242000   0.148 -0.142E+13  0.265E+13
    243000   0.148 -0.146E+13  0.265E+13
    244000   0.149 -0.149E+13  0.265E+13
    245000   0.150 -0.152E+13  0.266E+13
    246000   0.150 -0.137E+13  0.266E+13
    247000   0.151 -0.143E+13  0.265E+13
    248000   0.151 -0.147E+13  0.266E+13
    249000   0.152 -0.152E+13  0.267E+13
    250000   0.153 -0.155E+13  0.267E+13
    251000   0.153 -0.158E+13  0.268E+13
    252000   0.154 -0.160E+13  0.268E+13
    253000   0.154 -0.160E+13  0.269E+13
    254000   0.155 -0.132E+13  0.269E+13
    255000   0.156 -0.149E+13  0.269E+13
    256000   0.156 -0.155E+13  0.270E+13
    257000   0.157 -0.157E+13  0.271E+13
    258000   0.157 -0.161E+13  0.272E+13
    259000   0.158 -0.165E+13  0.273E+13
    260000   0.159 -0.168E+13  0.273E+13
    261000   0.159 -0.162E+13  0.274E+13
    262000   0.160 -0.164E+13  0.274E+13
    263000   0.160 -0.153E+13  0.274E+13
    264000   0.161 -0.159E+13  0.274E+13
    265000   0.162 -0.161E+13  0.274E+13
    266000   0.162 -0.166E+13  0.275E+13
    267000   0.163 -0.164E+13  0.276E+13
    268000   0.163 -0.167E+13  0.276E+13
    269000   0.164 -0.170E+13  0.276E+13
    270000   0.165 -0.174E+13  0.277E+13
    271000   0.165 -0.159E+13  0.277E+13
    272000   0.166 -0.165E+13  0.283E+13
    273000   0.166 -0.168E+13  0.285E+13
    274000   0.167 -0.172E+13  0.286E+13
    275000   0.168 -0.175E+13  0.287E+13
    276000   0.168 -0.178E+13  0.288E+13
    277000   0.169 -0.181E+13  0.288E+13
    278000   0.169 -0.180E+13  0.288E+13
    279000   0.170 -0.156E+13  0.289E+13
    280000   0.171 -0.169E+13  0.288E+13
    281000   0.171 -0.173E+13  0.290E+13
    282000   0.172 -0.178E+13  0.292E+13
    283000   0.172 -0.179E+13  0.292E+13
    284000   0.173 -0.181E+13  0.293E+13
    285000   0.174 -0.185E+13  0.293E+13
    286000   0.174 -0.188E+13  0.293E+13
    287000   0.175 -0.190E+13  0.294E+13
    288000   0.175 -0.172E+13  0.294E+13
    289000   0.176 -0.180E+13  0.293E+13
    290000   0.176 -0.185E+13  0.293E+13
    291000   0.177 -0.187E+13  0.294E+13
    292000   0.178 -0.191E+13  0.295E+13
    293000   0.178 -0.193E+13  0.296E+13
    294000   0.179 -0.196E+13  0.296E+13
    295000   0.179 -0.195E+13  0.296E+13
    296000   0.180 -0.165E+13  0.297E+13
    297000   0.181 -0.182E+13  0.296E+13
    298000   0.181 -0.189E+13  0.297E+13
    299000   0.182 -0.193E+13  0.298E+13
    300000   0.182 -0.197E+13  0.299E+13
    301000   0.183 -0.200E+13  0.299E+13
    302000   0.184 -0.202E+13  0.299E+13
    303000   0.184 -0.196E+13  0.300E+13
    304000   0.185 -0.196E+13  0.300E+13
    305000   0.185 -0.183E+13  0.300E+13
    306000   0.186 -0.191E+13  0.316E+13
    307000   0.187 -0.202E+13  0.326E+13
    308000   0.187 -0.207E+13  0.336E+13
    309000   0.188 -0.213E+13  0.343E+13
    310000   0.188 -0.214E+13  0.344E+13
    311000   0.189 -0.208E+13  0.344E+13
    312000   0.189 -0.207E+13  0.345E+13
    313000   0.190 -0.180E+13  0.345E+13
    314000   0.191 -0.200E+13  0.350E+13
    315000   0.191 -0.208E+13  0.359E+13
    316000   0.192 -0.217E+13  0.366E+13
    317000   0.192 -0.220E+13  0.370E+13
    318000   0.193 -0.222E+13  0.370E+13
    319000   0.194 -0.225E+13  0.371E+13
    320000   0.194 -0.228E+13  0.371E+13
    321000   0.195 -0.230E+13  0.371E+13
    322000   0.195 -0.210E+13  0.368E+13
    323000   0.196 -0.218E+13  0.358E+13
    324000   0.197 -0.220E+13  0.354E+13
    325000   0.197 -0.219E+13  0.352E+13
    326000   0.198 -0.222E+13  0.349E+13
    327000   0.198 -0.224E+13  0.347E+13
    328000   0.199 -0.226E+13  0.344E+13
    329000   0.199 -0.227E+13  0.341E+13
    330000   0.200 -0.196E+13  0.339E+13
    331000   0.201 -0.214E+13  0.316E+13
    332000   0.201 -0.217E+13  0.313E+13
    333000   0.202 -0.217E+13  0.309E+13
    334000   0.202 -0.218E+13  0.306E+13
    335000   0.203 -0.220E+13  0.303E+13
    336000   0.204 -0.222E+13  0.300E+13
    337000   0.204 -0.222E+13  0.297E+13
    338000   0.205 -0.223E+13  0.295E+13
    339000   0.205 -0.203E+13  0.292E+13
    340000   0.206 -0.211E+13  0.287E+13
    341000   0.206 -0.215E+13  0.286E+13
    342000   0.207 -0.218E+13  0.286E+13
    343000   0.208 -0.221E+13  0.286E+13
    344000   0.208 -0.218E+13  0.286E+13
    345000   0.209 -0.216E+13  0.286E+13
    346000   0.209 -0.221E+13  0.287E+13
    347000   0.210 -0.198E+13  0.287E+13
    348000   0.211 -0.211E+13  0.284E+13
    349000   0.211 -0.216E+13  0.282E+13
    350000   0.212 -0.221E+13  0.283E+13
    351000   0.212 -0.220E+13  0.283E+13
    352000   0.213 -0.224E+13  0.283E+13
    353000   0.213 -0.228E+13  0.283E+13
    354000   0.214 -0.232E+13  0.283E+13
    355000   0.215 -0.233E+13  0.283E+13
    356000   0.215 -0.218E+13  0.283E+13
    357000   0.216 -0.221E+13  0.281E+13
    358000   0.216 -0.226E+13  0.281E+13
    359000   0.217 -0.231E+13  0.281E+13
    360000   0.218 -0.234E+13  0.282E+13
    361000   0.218 -0.237E+13  0.282E+13
    362000   0.219 -0.238E+13  0.282E+13
    363000   0.219 -0.240E+13  0.283E+13
    364000   0.220 -0.242E+13  0.283E+13
    365000   0.221 -0.229E+13  0.280E+13
    366000   0.221 -0.230E+13  0.279E+13
    367000   0.222 -0.235E+13  0.279E+13
    368000   0.222 -0.238E+13  0.279E+13
    369000   0.223 -0.240E+13  0.279E+13
    370000   0.223 -0.242E+13  0.279E+13
    371000   0.224 -0.243E+13  0.280E+13
    372000   0.225 -0.246E+13  0.280E+13
    373000   0.225 -0.228E+13  0.280E+13
    374000   0.226 -0.232E+13  0.278E+13
    375000   0.226 -0.236E+13  0.277E+13
    376000   0.227 -0.240E+13  0.277E+13
    377000   0.228 -0.245E+13  0.277E+13
    378000   0.228 -0.247E+13  0.278E+13
    379000   0.229 -0.248E+13  0.278E+13
    380000   0.229 -0.241E+13  0.279E+13
    381000   0.230 -0.245E+13  0.279E+13
    382000   0.230 -0.236E+13  0.278E+13
    383000   0.231 -0.237E+13  0.277E+13
    384000   0.232 -0.243E+13  0.276E+13
    385000   0.232 -0.248E+13  0.277E+13
    386000   0.233 -0.245E+13  0.278E+13
    387000   0.233 -0.249E+13  0.278E+13
    388000   0.234 -0.253E+13  0.278E+13
    389000   0.235 -0.257E+13  0.278E+13
    390000   0.235 -0.240E+13  0.278E+13
    391000   0.236 -0.248E+13  0.277E+13
    392000   0.236 -0.249E+13  0.276E+13
    393000   0.237 -0.253E+13  0.277E+13
    394000   0.237 -0.258E+13  0.277E+13
    395000   0.238 -0.261E+13  0.277E+13
    396000   0.239 -0.262E+13  0.277E+13
    397000   0.239 -0.264E+13  0.277E+13
    398000   0.240 -0.265E+13  0.278E+13
    399000   0.240 -0.251E+13  0.278E+13
    400000   0.241 -0.257E+13  0.276E+13
    401000   0.242 -0.258E+13  0.276E+13
    402000   0.242 -0.261E+13  0.277E+13
    403000   0.243 -0.265E+13  0.278E+13
    404000   0.243 -0.268E+13  0.278E+13
    405000   0.244 -0.264E+13  0.278E+13
    406000   0.244 -0.265E+13  0.278E+13
    407000   0.245 -0.238E+13  0.279E+13
    408000   0.246 -0.257E+13  0.278E+13
    409000   0.246 -0.262E+13  0.277E+13
    410000   0.247 -0.265E+13  0.278E+13
    411000   0.247 -0.269E+13  0.278E+13
    412000   0.248 -0.264E+13  0.279E+13
    413000   0.249 -0.269E+13  0.279E+13
    414000   0.249 -0.272E+13  0.279E+13
    415000   0.250 -0.276E+13  0.280E+13
    416000   0.250 -0.259E+13  0.280E+13
    417000   0.251 -0.265E+13  0.278E+13
    418000   0.251 -0.270E+13  0.278E+13
    419000   0.252 -0.274E+13  0.279E+13
    420000   0.253 -0.278E+13  0.279E+13
    421000   0.253 -0.279E+13  0.279E+13
    422000   0.254 -0.280E+13  0.280E+13
    423000   0.254 -0.282E+13  0.280E+13
    424000   0.255 -0.283E+13  0.281E+13
    425000   0.255 -0.272E+13  0.280E+13
    426000   0.256 -0.273E+13  0.279E+13
    427000   0.257 -0.277E+13  0.280E+13
    428000   0.257 -0.281E+13  0.280E+13
    429000   0.258 -0.284E+13  0.281E+13
    430000   0.258 -0.287E+13  0.281E+13
    431000   0.259 -0.289E+13  0.281E+13
    432000   0.259 -0.281E+13  0.281E+13
    433000   0.260 -0.254E+13  0.281E+13
    434000   0.261 -0.273E+13  0.280E+13
    435000   0.261 -0.279E+13  0.279E+13
    436000   0.262 -0.283E+13  0.279E+13
    437000   0.262 -0.287E+13  0.279E+13
    438000   0.263 -0.284E+13  0.279E+13
    439000   0.263 -0.286E+13  0.279E+13
    440000   0.264 -0.290E+13  0.279E+13
    441000   0.265 -0.293E+13  0.280E+13
    442000   0.265 -0.279E+13  0.280E+13
    443000   0.266 -0.283E+13  0.279E+13
    444000   0.266 -0.283E+13  0.279E+13
    445000   0.267 -0.285E+13  0.280E+13
    446000   0.267 -0.290E+13  0.280E+13
    447000   0.268 -0.295E+13  0.281E+13
    448000   0.269 -0.299E+13  0.281E+13
    449000   0.269 -0.300E+13  0.281E+13
    450000   0.270 -0.296E+13  0.281E+13
    451000   0.270 -0.283E+13  0.281E+13
    452000   0.271 -0.290E+13  0.280E+13
    453000   0.271 -0.293E+13  0.280E+13
    454000   0.272 -0.295E+13  0.280E+13
    455000   0.273 -0.300E+13  0.281E+13
    456000   0.273 -0.303E+13  0.281E+13
    457000   0.274 -0.305E+13  0.281E+13
    458000   0.274 -0.297E+13  0.281E+13
    459000   0.275 -0.301E+13  0.281E+13
    460000   0.275 -0.291E+13  0.281E+13
    461000   0.276 -0.293E+13  0.280E+13
    462000   0.277 -0.297E+13  0.281E+13
    463000   0.277 -0.302E+13  0.281E+13
    464000   0.278 -0.306E+13  0.281E+13
    465000   0.278 -0.302E+13  0.282E+13
    466000   0.279 -0.303E+13  0.282E+13
    467000   0.279 -0.307E+13  0.282E+13
    468000   0.280 -0.277E+13  0.283E+13
    469000   0.281 -0.296E+13  0.280E+13
    470000   0.281 -0.302E+13  0.280E+13
    471000   0.282 -0.306E+13  0.280E+13
    472000   0.282 -0.309E+13  0.280E+13
    473000   0.283 -0.307E+13  0.280E+13
    474000   0.283 -0.312E+13  0.281E+13
    475000   0.284 -0.316E+13  0.281E+13
    476000   0.285 -0.318E+13  0.281E+13
    477000   0.285 -0.297E+13  0.281E+13
    478000   0.286 -0.310E+13  0.280E+13
    479000   0.286 -0.311E+13  0.281E+13
    480000   0.287 -0.315E+13  0.283E+13
    481000   0.287 -0.319E+13  0.284E+13
    482000   0.288 -0.322E+13  0.284E+13
    483000   0.288 -0.324E+13  0.284E+13
    484000   0.289 -0.320E+13  0.285E+13
    485000   0.290 -0.316E+13  0.285E+13
    486000   0.290 -0.304E+13  0.285E+13
    487000   0.291 -0.310E+13  0.285E+13
    488000   0.291 -0.314E+13  0.287E+13
    489000   0.292 -0.319E+13  0.288E+13
    490000   0.292 -0.324E+13  0.288E+13
    491000   0.293 -0.328E+13  0.289E+13
    492000   0.294 -0.321E+13  0.289E+13
    493000   0.294 -0.325E+13  0.289E+13
    494000   0.295 -0.327E+13  0.289E+13
    495000   0.295 -0.309E+13  0.290E+13
    496000   0.296 -0.317E+13  0.287E+13
    497000   0.296 -0.322E+13  0.286E+13
    498000   0.297 -0.326E+13  0.287E+13
    499000   0.297 -0.331E+13  0.287E+13
    500000   0.298 -0.325E+13  0.288E+13
    501000   0.299 -0.330E+13  0.288E+13
    502000   0.299 -0.334E+13  0.288E+13
    503000   0.300 -0.337E+13  0.289E+13
    504000   0.300 -0.318E+13  0.289E+13
    505000   0.301 -0.327E+13  0.293E+13
    506000   0.301 -0.330E+13  0.294E+13
    507000   0.302 -0.334E+13  0.296E+13
    508000   0.303 -0.339E+13  0.297E+13
    509000   0.303 -0.341E+13  0.297E+13
    510000   0.304 -0.342E+13  0.297E+13
    511000   0.304 -0.343E+13  0.297E+13
    512000   0.305 -0.344E+13  0.298E+13
    513000   0.305 -0.327E+13  0.298E+13
    514000   0.306 -0.335E+13  0.297E+13
    515000   0.306 -0.338E+13  0.297E+13
    516000   0.307 -0.341E+13  0.298E+13
    517000   0.308 -0.344E+13  0.299E+13
    518000   0.308 -0.346E+13  0.299E+13
    519000   0.309 -0.348E+13  0.300E+13
    520000   0.309 -0.341E+13  0.300E+13
    521000   0.310 -0.342E+13  0.300E+13
    522000   0.310 -0.330E+13  0.300E+13
    523000   0.311 -0.338E+13  0.299E+13
    524000   0.311 -0.341E+13  0.299E+13
    525000   0.312 -0.346E+13  0.300E+13
    526000   0.313 -0.343E+13  0.301E+13
    527000   0.313 -0.346E+13  0.301E+13
    528000   0.314 -0.349E+13  0.302E+13
    529000   0.314 -0.353E+13  0.302E+13
    530000   0.315 -0.356E+13  0.302E+13
    531000   0.315 -0.339E+13  0.302E+13
    532000   0.316 -0.346E+13  0.301E+13
    533000   0.316 -0.348E+13  0.302E+13
    534000   0.317 -0.347E+13  0.303E+13
    535000   0.318 -0.351E+13  0.303E+13
    536000   0.318 -0.355E+13  0.303E+13
    537000   0.319 -0.358E+13  0.304E+13
    538000   0.319 -0.360E+13  0.304E+13
    539000   0.320 -0.361E+13  0.305E+13
    540000   0.320 -0.344E+13  0.304E+13
    541000   0.321 -0.351E+13  0.304E+13
    542000   0.321 -0.353E+13  0.305E+13
    543000   0.322 -0.355E+13  0.306E+13
    544000   0.323 -0.358E+13  0.306E+13
    545000   0.323 -0.361E+13  0.307E+13
    546000   0.324 -0.362E+13  0.307E+13
    547000   0.324 -0.361E+13  0.307E+13
    548000   0.325 -0.362E+13  0.307E+13
    549000   0.325 -0.346E+13  0.308E+13
    550000   0.326 -0.353E+13  0.306E+13
    551000   0.326 -0.357E+13  0.306E+13
    552000   0.327 -0.360E+13  0.307E+13
    553000   0.328 -0.364E+13  0.307E+13
    554000   0.328 -0.363E+13  0.308E+13
    555000   0.329 -0.364E+13  0.308E+13
    556000   0.329 -0.364E+13  0.308E+13
    557000   0.330 -0.367E+13  0.308E+13
    558000   0.330 -0.350E+13  0.308E+13
    559000   0.331 -0.354E+13  0.308E+13
    560000   0.331 -0.355E+13  0.308E+13
    561000   0.332 -0.356E+13  0.308E+13
    562000   0.333 -0.363E+13  0.308E+13
    563000   0.333 -0.369E+13  0.309E+13
    564000   0.334 -0.373E+13  0.309E+13
    565000   0.334 -0.375E+13  0.310E+13
    566000   0.335 -0.376E+13  0.310E+13
    567000   0.335 -0.354E+13  0.310E+13
    568000   0.336 -0.363E+13  0.308E+13
    569000   0.336 -0.367E+13  0.307E+13
    570000   0.337 -0.371E+13  0.307E+13
    571000   0.337 -0.375E+13  0.307E+13
    572000   0.338 -0.376E+13  0.308E+13
    573000   0.339 -0.377E+13  0.309E+13
    574000   0.339 -0.380E+13  0.309E+13
    575000   0.340 -0.375E+13  0.309E+13
    576000   0.340 -0.357E+13  0.309E+13
    577000   0.341 -0.366E+13  0.305E+13
    578000   0.341 -0.372E+13  0.304E+13
    579000   0.342 -0.375E+13  0.304E+13
    580000   0.342 -0.379E+13  0.304E+13
    581000   0.343 -0.375E+13  0.304E+13
    582000   0.344 -0.373E+13  0.305E+13
    583000   0.344 -0.378E+13  0.305E+13
    584000   0.345 -0.382E+13  0.305E+13
    585000   0.345 -0.363E+13  0.305E+13
    586000   0.346 -0.371E+13  0.303E+13
    587000   0.346 -0.371E+13  0.302E+13
    588000   0.347 -0.373E+13  0.302E+13
    589000   0.347 -0.378E+13  0.302E+13
    590000   0.348 -0.383E+13  0.303E+13
    591000   0.349 -0.387E+13  0.303E+13
    592000   0.349 -0.389E+13  0.303E+13
    593000   0.350 -0.383E+13  0.303E+13
    594000   0.350 -0.370E+13  0.303E+13
    595000   0.351 -0.374E+13  0.301E+13
    596000   0.351 -0.380E+13  0.301E+13
    597000   0.352 -0.385E+13  0.301E+13
    598000   0.352 -0.390E+13  0.301E+13
    599000   0.353 -0.384E+13  0.301E+13
    600000   0.354 -0.386E+13  0.301E+13
    601000   0.354 -0.389E+13  0.301E+13
    602000   0.355 -0.393E+13  0.302E+13
    603000   0.355 -0.375E+13  0.302E+13
    604000   0.356 -0.380E+13  0.300E+13
    605000   0.356 -0.385E+13  0.299E+13
    606000   0.357 -0.384E+13  0.299E+13
    607000   0.357 -0.385E+13  0.300E+13
    608000   0.358 -0.390E+13  0.300E+13
    609000   0.358 -0.394E+13  0.300E+13
    610000   0.359 -0.396E+13  0.300E+13
    611000   0.360 -0.393E+13  0.300E+13
    612000   0.360 -0.377E+13  0.300E+13
    613000   0.361 -0.385E+13  0.299E+13
    614000   0.361 -0.387E+13  0.298E+13
    615000   0.362 -0.392E+13  0.299E+13
    616000   0.362 -0.396E+13  0.299E+13
    617000   0.363 -0.398E+13  0.299E+13
    618000   0.363 -0.396E+13  0.300E+13
    619000   0.364 -0.394E+13  0.300E+13
    620000   0.365 -0.398E+13  0.300E+13
    621000   0.365 -0.377E+13  0.301E+13
    622000   0.366 -0.391E+13  0.299E+13
    623000   0.366 -0.394E+13  0.298E+13
    624000   0.367 -0.392E+13  0.299E+13
    625000   0.367 -0.394E+13  0.299E+13
    626000   0.368 -0.400E+13  0.299E+13
